0.0000,230.6729,185.4077,229.8978,125.0040,150.4460,187.9707,230.8679,231.1731,80.6226,126.1269,177.5528,60.0083,116.0043,174.0029,232.0022,232.1250,81.3204,127.9414,178.8435,127.7693,151.9803,190.0316,230.6382,287.8368,187.6406,231.8146,230.8463,289.0017,230.0087,173.0116,116.0172,59.0339,229.0087,228.3594,227.4225,184.2308,172.0116,113.0177,123.8588,148.6775,185.6071,227.6225,228.0110,174.7513,122.1188,77.0779,57.0351,55.0091,112.0045,171.0029,227.0022,228.6329,175.1142,123.5476,79.9312,125.9365,149.6262,187.0187,228.2126,285.8006,230.2889,184.7728,230.5667
230.6729,0.0000,69.8713,79.1770,114.8564,80.4487,59.0000,65.0692,134.2721,151.1622,126.8464,120.2206,200.0325,183.9918,184.6212,202.5957,263.7954,252.7232,242.8600,246.1727,313.4278,301.5294,305.0016,319.0486,361.3862,359.4899,368.0489,406.0788,490.9827,434.5135,381.0472,328.7704,278.3541,148.9463,214.2195,282.0018,214.2825,141.2869,156.5407,200.1924,244.7877,287.9028,330.3604,376.7240,327.9634,279.9589,233.8482,187.7685,268.9387,313.2874,362.9325,412.3397,440.0102,391.9962,347.9684,310.3627,352.6613,380.2973,416.0697,454.7362,512.1406,460.8004,411.4280,453.5912
185.4077,69.8713,0.0000,48.0104,60.4152,59.6154,84.0536,119.5492,176.4001,115.1173,118.2709,141.1134,171.5721,176.0824,198.0934,232.8197,282.2942,227.5632,233.2831,251.8035,289.0830,287.9201,302.2185,325.2599,374.4356,342.0015,362.5162,389.0013,464.7688,406.4283,350.4754,294.9237,240.0521,93.0860,149.8933,213.2346,145.0000,72.0278,91.8314,132.0038,175.5135,218.1238,260.4995,307.7028,260.0346,214.2265,172.0727,133.9888,214.2008,252.6599,298.7742,346.1820,378.4772,333.0540,293.2985,261.9637,311.2362,332.4154,363.6372,399.4859,456.1688,413.5372,370.1581,415.3902
229.8978,79.1770,48.0104,0.0000,105.7592,105.7592,118.8108,142.4114,207.8894,162.6930,164.6845,180.7595,219.3855,223.1815,241.1680,270.6326,324.6922,275.4088,280.8630,297.2541,336.8561,335.8586,349.2921,370.9515,418.7708,390.0051,410.0256,437.0000,512.0869,453.5912,397.3940,341.4630,285.9545,71.8471,141.0000,215.3787,151.7893,84.5991,126.7517,157.3849,194.8333,232.3123,270.3794,325.5826,282.3491,242.2437,206.6349,175.9602,253.6632,286.6810,327.8674,371.4310,410.1219,367.7227,331.7303,304.2367,355.7879,374.3274,402.9057,436.6440,492.4683,455.2713,414.4514,460.4433
125.0040,114.8564,60.4152,105.7592,0.0000,48.0000,94.2603,140.2926,176.5701,59.6825,84.9588,128.0352,116.5204,133.9589,170.5315,216.6679,253.3377,172.2353,186.3357,214.3945,233.0000,236.9135,257.1886,285.5591,338.3962,288.1753,314.5600,334.8612,406.8415,348.1867,291.8099,235.7329,180.2360,123.3086,155.8782,198.9196,132.0038,73.8783,47.0425,95.0000,142.0035,188.1701,233.7734,269.7795,218.2842,167.3708,119.2015,74.6525,155.7947,198.4364,248.7087,299.3860,325.1538,277.4617,235.1042,201.8539,250.8745,272.3417,304.6999,341.7441,398.8483,353.4586,309.7693,355.1746
150.4460,80.4487,59.6154,105.7592,48.0000,0.0000,46.5296,92.9624,130.6331,70.7248,58.9406,86.4002,121.7580,117.5457,139.2300,177.9916,223.5442,176.3661,175.7299,192.2004,237.8928,232.0000,243.5775,265.7066,314.8841,287.8420,304.6375,334.8612,415.2493,357.8407,303.2639,249.7719,198.2448,148.3947,194.5096,244.7877,176.7739,110.7881,95.0211,143.0000,190.0026,236.1356,281.6416,317.2081,265.1490,213.0469,162.4838,111.3059,191.2067,239.0335,292.0274,344.1395,365.4655,315.6596,269.5366,230.2889,272.3417,300.0167,336.5858,376.1130,433.6727,380.4064,331.1873,373.8730
187.9707,59.0000,84.0536,118.8108,94.2603,46.5296,0.0000,46.5725,92.3580,107.6151,71.1126,63.3246,148.3846,125.9286,126.8464,151.8223,208.1658,198.1565,184.4560,187.5420,257.7518,243.3865,246.0020,260.7393,304.5997,301.7615,309.0582,348.1106,434.8391,379.1899,326.9648,276.6315,229.4384,177.0028,231.8124,287.9028,219.3171,149.6028,141.2869,189.1296,236.0763,282.0018,327.2201,363.7362,311.6360,259.2798,208.0817,155.2611,233.0944,283.1148,337.2314,389.9090,408.9450,358.0950,310.0403,267.5892,304.2515,335.8943,374.9733,415.9062,473.5325,415.0614,362.2403,402.3779
230.8679,65.0692,119.5492,142.4114,140.2926,92.9624,46.5725,0.0000,70.6612,151.6047,107.4802,74.3303,186.0349,153.0000,135.7240,141.9894,207.6391,231.0433,207.9928,199.1105,287.7933,266.9869,261.7250,269.0019,306.3234,326.1978,325.0262,371.2600,462.4911,408.7689,358.9499,311.6023,268.0392,208.8564,269.4290,330.2196,261.4900,189.8420,187.1817,234.7701,281.5759,327.1850,372.0000,410.0256,358.1089,305.8513,254.5683,201.3082,277.9820,328.9757,383.5440,436.4058,454.3798,402.9950,353.9096,309.6982,342.5318,376.7015,417.3104,459.0697,516.6372,454.6702,399.4859,437.4529
231.1731,134.2721,176.4001,207.8894,176.5701,130.6331,92.3580,70.6612,0.0000,162.6930,108.7796,54.5894,175.4537,126.4911,85.4400,72.9932,142.0035,206.4655,169.1449,145.0310,254.8764,224.6620,209.2869,208.6265,240.3518,282.9735,271.0221,325.1292,421.3799,371.6517,327.2002,287.2159,253.8188,269.2360,323.3466,375.1826,307.3792,240.2603,222.0090,269.6145,316.2183,362.7465,408.8826,437.0011,383.0835,328.2986,274.4668,218.4491,284.2692,339.7175,397.5739,452.7615,459.8021,406.0960,353.1926,303.7532,324.6798,364.7808,409.4203,453.4887,510.0637,437.8242,377.7089,410.1244
80.6226,151.1622,115.1173,162.6930,59.6825,70.7248,107.6151,151.6047,162.6930,0.0000,54.0370,108.2266,57.0351,81.3204,129.2478,183.0983,206.6349,113.0000,128.3783,162.1142,174.2326,177.3415,199.4893,230.4821,285.0439,228.6329,255.5191,275.4088,349.6770,291.4310,235.7477,180.8867,127.9101,181.8378,205.2316,232.7767,172.1540,128.8099,79.9062,119.5701,162.4838,208.0817,254.2597,275.3561,221.1108,166.0030,112.0045,56.0089,126.5622,179.3014,235.9873,290.6441,303.3299,251.4776,202.5142,160.5148,201.6928,229.7303,267.5892,308.2937,365.9208,309.8661,260.6012,303.8174
126.1269,126.8464,118.2709,164.6845,84.9588,58.9406,71.1126,107.4802,108.7796,54.0370,0.0000,54.2310,78.6448,59.1354,85.5862,133.7199,168.8846,127.0472,118.0042,133.8245,186.9358,175.6417,184.7918,207.0604,257.2353,232.9571,246.2722,279.7320,364.3213,308.2921,255.8535,205.8543,160.5895,203.3249,240.8319,279.0788,214.5530,158.4172,122.9837,167.9673,213.0469,259.2798,305.6010,329.2188,275.0455,220.0023,166.0271,110.0045,177.1158,231.6398,289.0848,344.0959,353.7527,300.8471,249.6478,203.3347,235.1850,269.4290,310.8504,353.3624,410.7578,347.1901,292.5150,331.7303
177.5528,120.2206,141.1134,180.7595,128.0352,86.4002,63.3246,74.3303,54.5894,108.2266,54.2310,0.0000,123.8225,81.2158,64.4981,91.9348,144.8482,161.4435,133.9328,127.0039,215.5226,192.7719,188.2897,199.1105,241.4808,252.0040,251.6764,296.9394,388.7531,335.7752,287.3882,242.7694,204.4016,233.3495,280.6795,326.6711,260.0346,196.9188,171.4526,218.2842,264.3672,310.8456,357.1288,383.0640,329.0000,274.0657,220.1454,164.1097,230.0804,285.2718,343.0233,398.1771,406.0960,352.6613,300.3415,251.9563,277.2382,315.1587,358.6154,402.1244,459.1089,390.3870,332.3432,367.8505
60.0083,200.0325,171.5721,219.3855,116.5204,121.7580,148.3846,186.0349,175.4537,57.0351,78.6448,123.8225,0.0000,56.0000,114.0000,172.0000,175.5591,56.0357,79.3095,124.1692,117.5160,121.7580,148.9463,184.6212,241.1493,171.6566,201.3082,218.3873,293.9813,236.2308,181.5158,128.7983,82.0244,237.2003,253.6632,269.0019,215.4112,182.4637,127.9062,157.1369,192.6084,234.4717,278.8566,285.9545,232.0022,177.7301,127.0118,82.0244,115.0000,172.0000,231.0000,287.0000,285.9545,231.7283,178.0590,128.3511,156.5407,191.8150,234.7957,278.3738,335.2924,268.7341,214.0093,254.1692
116.0043,183.9918,176.0824,223.1815,133.9589,117.5457,125.9286,153.0000,126.4911,81.3204,59.1354,81.2158,56.0000,0.0000,58.0000,116.0000,126.1943,80.6226,59.0762,81.0555,134.8258,117.5457,126.1467,151.6476,204.7266,175.8465,187.1817,222.2004,310.1113,255.8066,206.3492,161.9290,127.9062,256.7022,286.0367,312.7075,253.3969,207.1835,161.2203,199.2486,239.5204,283.5507,328.9757,340.4849,286.2464,231.3871,178.9860,127.9062,171.0000,228.0000,287.0000,343.0000,340.4849,286.0245,231.6398,180.2498,198.2145,238.6483,284.0158,328.5666,384.6102,311.4001,251.9841,286.6810
174.0029,184.6212,198.0934,241.1680,170.5315,139.2300,126.8464,135.7240,85.4400,129.2478,85.5862,64.4981,114.0000,58.0000,0.0000,58.0000,84.3149,128.8099,84.8646,63.3877,171.2133,139.2300,126.6057,134.6291,178.0590,197.5905,189.6444,240.2603,335.9658,286.4001,243.2447,206.9034,181.5158,287.2003,326.3817,361.5660,298.7742,243.9529,206.3492,248.7087,291.5099,336.6675,382.6082,397.3940,343.0233,287.9028,234.7765,181.5158,229.0000,286.0000,345.0000,401.0000,397.3940,342.8382,288.1059,235.9873,247.4126,290.5942,337.2314,382.2565,437.3888,359.4691,297.3819,327.1238
232.0022,202.5957,232.8197,270.6326,216.6679,177.9916,151.8223,141.9894,72.9932,183.0983,133.7199,91.9348,172.0000,116.0000,58.0000,0.0000,70.8590,182.7895,132.8232,90.5207,217.2050,177.9916,151.2382,141.3542,168.0030,232.1422,208.8564,269.8240,369.1951,324.5628,287.2003,257.1478,237.2003,325.2691,371.4310,412.7978,347.9224,287.8003,256.7022,301.2308,345.4186,391.1739,437.3568,454.5789,400.1512,344.9116,291.4310,237.2003,287.0000,344.0000,403.0000,459.0000,454.5789,399.9925,345.0811,292.6055,299.7749,344.4779,391.8074,437.0492,491.3461,410.1146,346.5602,372.2392
232.1250,263.7954,282.2942,324.6922,253.3377,223.5442,208.1658,207.6391,142.0035,206.6349,168.8846,144.8482,175.5591,126.1943,84.3149,70.8590,0.0000,163.6001,108.5587,54.4518,178.3059,132.2573,93.4773,72.4707,98.7320,177.5303,143.2201,209.3036,309.7160,270.6326,241.5885,223.5755,219.3285,371.4310,408.7077,438.8633,378.6093,327.1238,286.0367,325.3998,365.4655,408.9450,453.9273,460.1358,406.7087,353.0227,302.4913,253.6632,284.7385,340.2778,398.2010,453.4358,438.0011,384.0638,329.1838,276.3060,269.1357,316.5091,364.8698,410.0256,460.9772,372.8337,307.7028,326.0383
81.3204,252.7232,227.5632,275.4088,172.2353,176.3661,198.1565,231.0433,206.4655,113.0000,127.0472,161.4435,56.0357,80.6226,128.8099,182.7895,163.6001,0.0000,55.0818,109.2245,61.6604,71.5612,109.0183,150.7481,207.7715,116.2497,152.1217,162.6930,238.8996,181.8378,128.8099,81.3449,56.0357,291.4310,302.4913,308.1850,261.0939,235.7477,178.9860,200.9975,229.6301,266.8501,308.2937,302.9092,251.4776,201.3753,158.3919,127.0118,126.1150,178.9860,235.7477,290.4497,275.4088,221.1108,166.0271,113.0044,118.8486,161.9290,209.0287,254.2597,308.8122,231.6074,171.4060,206.6349
127.9414,242.8600,233.2831,280.8630,186.3357,175.7299,184.4560,207.9928,169.1449,128.3783,118.0042,133.9328,79.3095,59.0762,84.8646,132.8232,108.5587,55.0818,0.0000,54.1479,86.3713,59.2030,71.1126,105.3613,162.1142,118.2709,129.2478,163.9543,254.9216,203.0296,158.3982,124.3262,111.0045,309.5836,331.7303,348.0000,294.5437,257.1867,205.5480,236.4445,270.9465,311.4370,354.7464,354.6830,302.1672,250.0600,202.7659,161.2762,178.0590,232.6070,290.0638,345.0811,330.2181,276.0290,221.0000,168.0119,167.3708,213.0469,260.9693,306.3234,359.5622,277.3085,214.0327,242.3304
178.8435,246.1727,251.8035,297.2541,214.3945,192.2004,187.5420,199.1105,145.0310,162.1142,133.8245,127.0039,124.1692,81.0555,63.3877,90.5207,54.4518,109.2245,54.1479,0.0000,129.7690,87.8009,64.2573,73.7631,124.0202,141.8732,126.6057,181.2760,279.6087,234.0534,197.7524,173.0000,165.0757,336.2648,367.0817,391.3719,333.7664,287.9601,241.9793,278.2265,316.2278,358.6154,402.9950,406.7087,353.5944,300.4430,251.0020,204.6118,230.7661,286.0245,343.8212,399.0050,384.0833,330.0000,275.0291,222.0811,217.8004,264.5695,312.8082,358.1089,410.2012,324.6167,260.0346,282.8993
127.7693,313.4278,289.0830,336.8561,233.0000,237.8928,257.7518,287.7933,254.8764,174.2326,186.9358,215.5226,117.5160,134.8258,171.2133,217.2050,178.3059,61.6604,86.3713,129.7690,0.0000,48.0104,95.1893,139.0432,190.9372,59.9333,111.8258,103.8123,177.6091,121.4619,72.3464,47.0425,75.4321,350.1685,355.7879,352.3464,312.0000,293.7839,235.7329,251.6227,273.7152,305.6550,343.2098,325.7299,278.7562,235.1042,201.3405,181.2015,156.5407,199.0226,249.1766,299.7749,269.9481,218.7693,167.3708,120.0666,93.0000,141.0000,189.0952,233.6193,283.0071,194.9974,130.2690,155.9744
151.9803,301.5294,287.9201,335.8586,236.9135,232.0000,243.3865,266.9869,224.6620,177.3415,175.6417,192.7719,121.7580,117.5457,139.2300,177.9916,132.2573,71.5612,59.2030,87.8009,48.0104,0.0000,47.5184,91.7824,145.6022,59.2368,80.6226,104.7855,196.9772,147.6279,110.2769,95.0053,111.3059,358.8050,373.4300,379.3481,332.5553,304.2137,248.8473,272.5307,300.6476,336.5947,376.7784,365.4655,316.2278,268.8885,228.8777,198.2448,191.2067,239.0335,292.0274,344.1395,317.2081,265.3469,212.7769,163.0491,141.0035,189.0026,237.1034,281.5759,330.4421,240.7094,175.5135,195.3586
190.0316,305.0016,302.2185,349.2921,257.1886,243.5775,246.0020,261.7250,209.2869,199.4893,184.7918,188.2897,148.9463,126.1467,126.6057,151.2382,93.4773,109.0183,71.1126,64.2573,95.1893,47.5184,0.0000,44.3847,99.7296,84.0536,63.3877,118.6002,218.3438,177.2005,150.2165,142.2252,156.1698,380.4905,402.3779,415.3372,364.2266,328.2986,276.2843,305.3211,337.2966,375.6301,417.3104,409.8256,359.4691,310.2660,266.9176,230.0543,233.9444,284.0158,338.1627,390.8580,364.7259,312.8082,260.0000,209.6592,188.0957,236.0763,284.0000,328.1844,375.9495,284.2974,219.1004,233.6343
230.6382,319.0486,325.2599,370.9515,285.5591,265.7066,260.7393,269.0019,208.6265,230.4821,207.0604,199.1105,184.6212,151.6476,134.6291,141.3542,72.4707,150.7481,105.3613,73.7631,139.0432,91.7824,44.3847,0.0000,57.2014,117.9534,72.1388,141.6051,241.4788,207.9663,188.8624,185.9731,200.0025,408.3148,435.4699,453.3222,399.4859,358.4327,309.4010,341.7441,376.0332,415.7403,458.2598,453.0353,402.1244,351.9787,306.8892,266.6252,276.6225,327.6538,382.2565,435.1460,408.8826,357.1288,304.3846,253.9547,231.6247,279.5174,327.1850,371.0000,417.5548,324.3594,259.5092,269.7425
287.8368,361.3862,374.4356,418.7708,338.3962,314.8841,304.5997,306.3234,240.3518,285.0439,257.2353,241.4808,241.1493,204.7266,178.0590,168.0030,98.7320,207.7715,162.1142,124.0202,190.9372,145.6022,99.7296,57.2014,0.0000,158.0285,97.6729,167.6305,261.1972,238.9184,231.0346,237.0021,255.8535,460.1793,490.2754,510.0833,455.3427,411.8762,364.5339,398.1168,433.0139,472.9144,515.4590,509.5302,458.9553,409.0929,364.0673,323.1671,333.4187,383.7304,437.5386,489.7183,460.3357,409.6840,357.9972,308.6503,281.6558,328.9772,375.7047,418.3838,462.0043,366.4928,303.0066,306.2760
187.6406,359.4899,342.0015,390.0051,288.1753,287.8420,301.7615,326.1978,282.9735,228.6329,232.9571,252.0040,171.6566,175.8465,197.5905,232.1422,177.5303,116.2497,118.2709,141.8732,59.9333,59.2368,84.0536,117.9534,158.0285,0.0000,63.7887,47.0425,138.4377,93.2363,73.0068,92.0054,134.5288,407.5905,415.3902,411.9466,371.8602,351.6603,294.2006,311.4643,333.4187,364.4462,400.8952,379.2466,334.4682,293.1382,261.0939,240.3539,214.8046,253.3969,299.5947,347.0519,308.6487,261.3580,214.5530,172.9046,130.6790,175.5135,220.2930,261.6295,304.0016,208.6145,145.0034,151.7893
231.8146,368.0489,362.5162,410.0256,314.5600,304.6375,309.0582,325.0262,271.0221,255.5191,246.2722,251.6764,201.3082,187.1817,189.6444,208.8564,143.2201,152.1217,129.2478,126.6057,111.8258,80.6226,63.3877,72.1388,97.6729,63.7887,0.0000,71.5542,170.0000,141.6827,135.7240,152.5320,186.0349,437.3568,453.9273,459.2004,413.1743,383.5440,328.9757,353.1190,380.4064,415.0614,453.9626,437.4529,390.5125,345.7759,308.2937,278.8566,267.3200,310.8006,359.8055,408.7689,372.2110,324.2360,275.9601,231.3115,193.7060,239.1694,284.0739,325.1846,366.3496,270.0019,207.6174,208.6265
230.8463,406.0788,389.0013,437.0000,334.8612,334.8612,348.1106,371.2600,325.1292,275.4088,279.7320,296.9394,218.3873,222.2004,240.2603,269.8240,209.3036,162.6930,163.9543,181.2760,103.8123,104.7855,118.6002,141.6051,167.6305,47.0425,71.5542,0.0000,100.4191,71.8471,84.5991,125.1000,175.0457,453.5912,459.1841,451.8241,414.7975,397.3940,339.5070,354.5659,373.8730,402.3779,436.6440,409.4154,367.7227,330.0561,302.0017,284.9860,252.8003,285.9178,327.2002,370.8423,325.1292,282.3491,240.9191,205.6818,154.5639,193.4580,233.2252,270.3794,305.7908,208.3195,150.8410,142.0035
289.0017,490.9827,464.7688,512.0869,406.8415,415.2493,434.8391,462.4911,421.3799,349.6770,364.3213,388.7531,293.9813,310.1113,335.9658,369.1951,309.7160,238.8996,254.9216,279.6087,177.6091,196.9772,218.3438,241.4788,261.1972,138.4377,170.0000,100.4191,0.0000,59.0085,116.0043,173.0029,230.0022,518.0010,511.6737,489.4497,464.6127,461.0011,402.0012,406.7247,415.7656,435.1368,461.6860,420.0060,388.3298,362.7630,348.3691,346.0014,293.3939,309.3752,335.4519,367.3255,307.5923,278.4259,253.6178,237.6910,176.8219,194.6535,217.0392,240.7094,258.5034,167.8005,137.7135,98.2904
230.0087,434.5135,406.4283,453.5912,348.1867,357.8407,379.1899,408.7689,371.6517,291.4310,308.2921,335.7752,236.2308,255.8066,286.4001,324.5628,270.6326,181.8378,203.0296,234.0534,121.4619,147.6279,177.2005,207.9663,238.9184,93.2363,141.6827,71.8471,59.0085,0.0000,57.0000,114.0000,171.0000,459.0000,453.4358,433.5678,406.6067,402.0000,343.0000,348.3231,358.8050,380.1184,408.7689,371.4310,336.2648,307.3581,290.4497,287.0000,235.9873,255.8066,287.0017,323.8549,270.0463,234.0534,202.4846,181.1988,121.0785,146.2190,177.2005,208.8564,238.4156,141.3825,93.0860,71.7008
173.0116,381.0472,350.4754,397.3940,291.8099,303.2639,326.9648,358.9499,327.2002,235.7477,255.8535,287.3882,181.5158,206.3492,243.2447,287.2003,241.5885,128.8099,158.3982,197.7524,72.3464,110.2769,150.2165,188.8624,231.0346,73.0068,135.7240,84.5991,116.0043,57.0000,0.0000,57.0000,114.0000,402.0000,397.2166,380.1184,350.6822,345.0000,286.0000,291.9726,304.2137,327.8674,358.9499,327.1238,287.9601,254.9510,234.7765,230.0000,181.1988,206.3492,243.9529,286.4001,241.1680,197.7524,157.6991,128.3511,71.7008,108.9082,150.2165,189.8420,231.0087,135.8308,72.0278,85.1469
116.0172,328.7704,294.9237,341.4630,235.7329,249.7719,276.6315,311.6023,287.2159,180.8867,205.8543,242.7694,128.7983,161.9290,206.9034,257.1478,223.5755,81.3449,124.3262,173.0000,47.0425,95.0053,142.2252,185.9731,237.0021,92.0054,152.5320,125.1000,173.0029,114.0000,57.0000,0.0000,57.0000,345.0000,341.2565,327.8674,295.1694,288.0000,229.0000,235.9343,250.6970,277.4923,311.6023,287.3273,243.4461,205.0098,179.9361,173.0000,128.3511,161.9290,207.7354,256.2538,223.3764,173.0000,123.4342,81.3204,46.0435,94.0213,142.2252,186.9679,237.4574,153.0000,90.6035,125.9246
59.0339,278.3541,240.0521,285.9545,180.2360,198.2448,229.4384,268.0392,253.8188,127.9101,160.5895,204.4016,82.0244,127.9062,181.5158,237.2003,219.3285,56.0357,111.0045,165.0757,75.4321,111.3059,156.1698,200.0025,255.8535,134.5288,186.0349,175.0457,230.0022,171.0000,114.0000,57.0000,0.0000,288.0000,285.7079,277.4923,240.3539,231.0000,172.0000,180.4993,199.1231,230.2281,268.0392,254.1692,205.2048,159.8624,127.0118,116.0000,81.3204,127.9062,182.4637,236.2308,219.3855,165.0757,110.0045,57.0088,74.8131,110.9820,156.1698,200.9278,256.7197,186.7244,133.1465,175.9602
229.0087,148.9463,93.0860,71.8471,123.3086,148.3947,177.0028,208.8564,269.2360,181.8378,203.3249,233.3495,237.2003,256.7022,287.2003,325.2691,371.4310,291.4310,309.5836,336.2648,350.1685,358.8050,380.4905,408.3148,460.1793,407.5905,437.3568,453.5912,518.0010,459.0000,402.0000,345.0000,288.0000,0.0000,70.8590,149.2716,93.8616,57.0000,116.0000,123.6932,147.6279,176.4001,208.8564,270.6326,234.0534,204.1666,182.7895,172.0000,236.9578,256.7022,287.8003,324.5628,372.2392,336.2648,309.2265,292.6055,350.0357,359.5066,380.4905,408.7689,461.9102,438.3081,406.4283,454.5789
228.3594,214.2195,149.8933,141.0000,155.8782,194.5096,231.8124,269.4290,323.3466,205.2316,240.8319,280.6795,253.6632,286.0367,326.3817,371.4310,408.7077,302.4913,331.7303,367.0817,355.7879,373.4300,402.3779,435.4699,490.2754,415.3902,453.9273,459.1841,511.6737,453.4358,397.2166,341.2565,285.7079,70.8590,0.0000,80.5295,48.0937,83.7616,126.1943,105.3233,105.0190,118.6002,143.2201,210.0119,181.7966,165.8945,163.6001,175.5591,219.3855,223.3764,242.0124,270.6326,326.0383,297.5718,280.8630,276.3060,336.8561,336.8561,349.4968,371.5710,421.0012,411.1703,389.0051,438.0011
227.4225,282.0018,213.2346,215.3787,198.9196,244.7877,287.9028,330.2196,375.1826,232.7767,279.0788,326.6711,269.0019,312.7075,361.5660,412.7978,438.8633,308.1850,348.0000,391.3719,352.3464,379.3481,415.3372,453.3222,510.0833,411.9466,459.2004,451.8241,489.4497,433.5678,380.1184,327.8674,277.4923,149.2716,80.5295,0.0000,68.7314,141.2268,156.1089,113.4637,78.8162,57.0000,64.3506,134.8481,119.4362,126.8464,151.1622,187.1096,199.5420,183.0027,183.8070,201.2585,263.7954,245.1775,241.9938,252.3886,312.7763,301.6836,304.0016,318.1981,362.3548,368.0489,357.7178,406.0788
184.2308,214.2825,145.0000,151.7893,132.0038,176.7739,219.3171,261.4900,307.3792,172.1540,214.5530,260.0346,215.4112,253.3969,298.7742,347.9224,378.6093,261.0939,294.5437,333.7664,312.0000,332.5553,364.2266,399.4859,455.3427,371.8602,413.1743,414.7975,464.6127,406.6067,350.6822,295.1694,240.3539,93.8616,48.0937,68.7314,0.0000,73.0274,92.6175,60.4152,58.3095,82.6620,118.5960,176.9633,141.1134,118.9033,116.2497,134.5288,171.7469,175.8465,198.0934,231.4671,282.6305,251.4359,232.9571,228.5607,289.2629,288.7646,301.9884,325.2599,375.8258,363.3291,341.0015,390.0051
172.0116,141.2869,72.0278,84.5991,73.8783,110.7881,149.6028,189.8420,240.2603,128.8099,158.4172,196.9188,182.4637,207.1835,243.9529,287.8003,327.1238,235.7477,257.1867,287.9601,293.7839,304.2137,328.2986,358.4327,411.8762,351.6603,383.5440,397.3940,461.0011,402.0000,345.0000,288.0000,231.0000,57.0000,83.7616,141.2268,73.0274,0.0000,59.0000,74.5185,110.2769,149.2716,189.8420,241.5885,197.7524,159.1383,129.7112,115.0000,182.1483,207.1835,244.6589,287.0017,327.8674,287.9601,256.7567,236.9578,293.6256,304.8541,328.2986,358.9499,413.5336,384.4802,350.4754,398.3780
113.0177,156.5407,91.8314,126.7517,47.0425,95.0211,141.2869,187.1817,222.0090,79.9062,122.9837,171.4526,127.9062,161.2203,206.3492,256.7022,286.0367,178.9860,205.5480,241.9793,235.7329,248.8473,276.2843,309.4010,364.5339,294.2006,328.9757,339.5070,402.0012,343.0000,286.0000,229.0000,172.0000,116.0000,126.1943,156.1089,92.6175,59.0000,0.0000,48.0416,95.0474,141.3542,187.1817,223.1815,172.4094,123.4342,80.6226,56.0000,127.4559,161.2203,207.1835,255.8066,286.6810,241.9793,205.0098,180.2498,235.5356,249.3933,276.2843,310.0000,366.0833,329.8879,292.9846,340.4849
123.8588,200.1924,132.0038,157.3849,95.0000,143.0000,189.1296,234.7701,269.6145,119.5701,167.9673,218.2842,157.1369,199.2486,248.7087,301.2308,325.3998,200.9975,236.4445,278.2265,251.6227,272.5307,305.3211,341.7441,398.1168,311.4643,353.1190,354.5659,406.7247,348.3231,291.9726,235.9343,180.4993,123.6932,105.3233,113.4637,60.4152,74.5185,48.0416,0.0000,47.0106,93.3435,139.3018,176.8219,128.0352,84.8999,60.5310,75.2861,116.3486,133.4616,170.5315,214.9814,253.3969,213.8457,185.6583,173.2339,233.0086,237.4974,256.8209,285.5591,339.5364,315.2428,287.0052,335.7886
148.6775,244.7877,175.5135,194.8333,142.0035,190.0026,236.0763,281.5759,316.2183,162.4838,213.0469,264.3672,192.6084,239.5204,291.5099,345.4186,365.4655,229.6301,270.9465,316.2278,273.7152,300.6476,337.2966,376.0332,433.0139,333.4187,380.4064,373.8730,415.7656,358.8050,304.2137,250.6970,199.1231,147.6279,105.0190,78.8162,58.3095,110.2769,95.0474,47.0106,0.0000,46.5296,92.7631,132.2573,87.8009,60.8769,72.4017,111.8302,123.0163,118.5327,140.6165,177.8904,225.2110,193.1321,176.6380,178.1011,239.0753,234.0021,244.5588,266.9869,317.5925,306.6203,287.9201,336.8561
185.6071,287.9028,218.1238,232.3123,188.1701,236.1356,282.0018,327.1850,362.7465,208.0817,259.2798,310.8456,234.4717,283.5507,336.6675,391.1739,408.9450,266.8501,311.4370,358.6154,305.6550,336.5947,375.6301,415.7403,472.9144,364.4462,415.0614,402.3779,435.1368,380.1184,327.8674,277.4923,230.2281,176.4001,118.6002,57.0000,82.6620,149.2716,141.3542,93.3435,46.5296,0.0000,46.3249,94.3027,64.6220,72.9178,108.8531,155.6824,149.7732,126.9055,128.0625,152.0526,210.0214,188.5338,185.6071,199.5420,259.0483,245.5402,247.0020,261.8950,307.4671,311.0579,301.9884,350.0700
227.6225,330.3604,260.4995,270.3794,233.7734,281.6416,327.2201,372.0000,408.8826,254.2597,305.6010,357.1288,278.8566,328.9757,382.6082,437.3568,453.9273,308.2937,354.7464,402.9950,343.2098,376.7784,417.3104,458.2598,515.4590,400.8952,453.9626,436.6440,461.6860,408.7689,358.9499,311.6023,268.0392,208.8564,143.2201,64.3506,118.5960,189.8420,187.1817,139.3018,92.7631,46.3249,0.0000,72.0069,74.0405,108.1896,152.1217,201.3082,186.7244,153.0000,135.6245,141.6827,208.6265,199.1105,208.3555,231.3115,288.2776,268.2685,261.7250,269.0000,308.3018,326.0138,325.6087,372.2110
228.0110,376.7240,307.7028,325.5826,269.7795,317.2081,363.7362,410.0256,437.0011,275.3561,329.2188,383.0640,285.9545,340.4849,397.3940,454.5789,460.1358,302.9092,354.6830,406.7087,325.7299,365.4655,409.8256,453.0353,509.5302,379.2466,437.4529,409.4154,420.0060,371.4310,327.1238,287.3273,254.1692,270.6326,210.0119,134.8481,176.9633,241.5885,223.1815,176.8219,132.2573,94.3027,72.0069,0.0000,54.4518,109.7725,163.6887,219.3855,176.8757,126.7517,84.5991,71.7008,142.0000,144.4715,169.6496,206.4655,255.4858,225.7632,208.7223,207.6391,241.2986,271.3301,282.2942,325.5826
174.7513,327.9634,260.0346,282.3491,218.2842,265.1490,311.6360,358.1089,383.0835,221.1108,275.0455,329.0000,232.0022,286.2464,343.0233,400.1512,406.7087,251.4776,302.1672,353.5944,278.7562,316.2278,359.4691,402.1244,458.9553,334.4682,390.5125,367.7227,388.3298,336.2648,287.9601,243.4461,205.2048,234.0534,181.7966,119.4362,141.1134,197.7524,172.4094,128.0352,87.8009,64.6220,74.0405,54.4518,0.0000,55.3263,109.2932,165.1091,125.5388,81.8352,64.4981,90.5097,145.3994,127.0000,134.7368,162.1882,216.6149,194.4274,188.4091,199.1105,243.1296,252.7865,251.8035,298.2030
122.1188,279.9589,214.2265,242.2437,167.3708,213.0469,259.2798,305.8513,328.2986,166.0030,220.0023,274.0657,177.7301,231.3871,287.9028,344.9116,353.0227,201.3753,250.0600,300.4430,235.1042,268.8885,310.2660,351.9787,409.0929,293.1382,345.7759,330.0561,362.7630,307.3581,254.9510,205.0098,159.8624,204.1666,165.8945,126.8464,118.9033,159.1383,123.4342,84.8999,60.8769,72.9178,108.1896,109.7725,55.3263,0.0000,54.0370,110.0000,78.5684,58.1378,85.6329,132.3820,168.8846,132.9135,117.0000,126.6254,186.3357,175.7299,183.8070,206.4946,258.1182,246.2722,231.1450,279.7320
77.0779,233.8482,172.0727,206.6349,119.2015,162.4838,208.0817,254.5683,274.4668,112.0045,166.0271,220.1454,127.0118,178.9860,234.7765,291.4310,302.4913,158.3919,202.7659,251.0020,201.3405,228.8777,266.9176,306.8892,364.0673,261.0939,308.2937,302.0017,348.3691,290.4497,234.7765,179.9361,127.0118,182.7895,163.6001,151.1622,116.2497,129.7112,80.6226,60.5310,72.4017,108.8531,152.1217,163.6887,109.2932,54.0370,0.0000,56.0357,56.0089,80.6226,129.7112,181.8378,206.6349,161.3753,127.0472,113.0044,173.2888,177.1243,198.5875,230.2173,285.8339,255.5191,226.5657,275.4088
57.0351,187.7685,133.9888,175.9602,74.6525,111.3059,155.2611,201.3082,218.4491,56.0089,110.0045,164.1097,82.0244,127.9062,181.5158,237.2003,253.6632,127.0118,161.2762,204.6118,181.2015,198.2448,230.0543,266.6252,323.1671,240.3539,278.8566,284.9860,346.0014,287.0000,230.0000,173.0000,116.0000,172.0000,175.5591,187.1096,134.5288,115.0000,56.0000,75.2861,111.8302,155.6824,201.3082,219.3855,165.1091,110.0000,56.0357,0.0000,81.3204,127.9062,182.4637,236.2308,254.1692,204.6118,160.5895,128.3511,180.9447,198.6479,230.0543,267.3200,324.5689,279.7320,239.0983,285.9545
55.0091,268.9387,214.2008,253.6632,155.7947,191.2067,233.0944,277.9820,284.2692,126.5622,177.1158,230.0804,115.0000,171.0000,229.0000,287.0000,284.7385,126.1150,178.0590,230.7661,156.5407,191.2067,233.9444,276.6225,333.4187,214.8046,267.3200,252.8003,293.3939,235.9873,181.1988,128.3511,81.3204,236.9578,219.3855,199.5420,171.7469,182.1483,127.4559,116.3486,123.0163,149.7732,186.7244,176.8757,125.5388,78.5684,56.0089,81.3204,0.0000,57.0000,116.0000,172.0000,176.8757,125.0320,79.3095,57.0000,117.5160,122.7110,149.5125,186.0027,243.2612,202.6154,170.6605,219.4470
112.0045,313.2874,252.6599,286.6810,198.4364,239.0335,283.1148,328.9757,339.7175,179.3014,231.6398,285.2718,172.0000,228.0000,286.0000,344.0000,340.2778,178.9860,232.6070,286.0245,199.0226,239.0335,284.0158,327.6538,383.7304,253.3969,310.8006,285.9178,309.3752,255.8066,206.3492,161.9290,127.9062,256.7022,223.3764,183.0027,175.8465,207.1835,161.2203,133.4616,118.5327,126.9055,153.0000,126.7517,81.8352,58.1378,80.6226,127.9062,57.0000,0.0000,59.0000,115.0000,126.7517,81.0555,59.1354,80.6102,135.3255,118.6971,126.1467,152.1184,206.3710,188.1755,175.1114,223.1815
171.0029,362.9325,298.7742,327.8674,248.7087,292.0274,337.2314,383.5440,397.5739,235.9873,289.0848,343.0233,231.0000,287.0000,345.0000,403.0000,398.2010,235.7477,290.0638,343.8212,249.1766,292.0274,338.1627,382.2565,437.5386,299.5947,359.8055,327.2002,335.4519,287.0017,243.9529,207.7354,182.4637,287.8003,242.0124,183.8070,198.0934,244.6589,207.1835,170.5315,140.6165,128.0625,135.6245,84.5991,64.4981,85.6329,129.7112,182.4637,116.0000,59.0000,0.0000,56.0000,84.5991,63.5059,86.3134,129.2478,172.6789,141.1737,126.8464,134.6291,179.6218,190.8219,197.7397,241.5885
227.0022,412.3397,346.1820,371.4310,299.3860,344.1395,389.9090,436.4058,452.7615,290.6441,344.0959,398.1771,287.0000,343.0000,401.0000,459.0000,453.4358,290.4497,345.0811,399.0050,299.7749,344.1395,390.8580,435.1460,489.7183,347.0519,408.7689,370.8423,367.3255,323.8549,286.4001,256.2538,236.2308,324.5628,270.6326,201.2585,231.4671,287.0017,255.8066,214.9814,177.8904,152.0526,141.6827,71.7008,90.5097,132.3820,181.8378,236.2308,172.0000,115.0000,56.0000,0.0000,71.7008,89.8053,132.8232,181.1988,217.2050,178.6449,150.6586,140.7302,170.0118,209.2964,231.4066,270.0463
228.6329,440.0102,378.4772,410.1219,325.1538,365.4655,408.9450,454.3798,459.8021,303.3299,353.7527,406.0960,285.9545,340.4849,397.3940,454.5789,438.0011,275.4088,330.2181,384.0833,269.9481,317.2081,364.7259,408.8826,460.3357,308.6487,372.2110,325.1292,307.5923,270.0463,241.1680,223.3764,219.3855,372.2392,326.0383,263.7954,282.6305,327.8674,286.6810,253.3969,225.2110,210.0214,208.6265,142.0000,145.3994,168.8846,206.6349,254.1692,176.8757,126.7517,84.5991,71.7008,0.0000,54.5894,109.6586,162.6038,179.0112,133.1953,92.9139,71.1196,99.7246,143.2201,177.2287,209.3036
175.1142,391.9962,333.0540,367.7227,277.4617,315.6596,358.0950,402.9950,406.0960,251.4776,300.8471,352.6613,231.7283,286.0245,342.8382,399.9925,384.0638,221.1108,276.0290,330.0000,218.7693,265.3469,312.8082,357.1288,409.6840,261.3580,324.2360,282.3491,278.4259,234.0534,197.7524,173.0000,165.0757,336.2648,297.5718,245.1775,251.4359,287.9601,241.9793,213.8457,193.1321,188.5338,199.1105,144.4715,127.0000,132.9135,161.3753,204.6118,125.0320,81.0555,63.5059,89.8053,54.5894,0.0000,55.1453,108.1665,130.6790,89.2020,64.2573,74.0405,125.7179,127.5774,141.7674,182.1318
123.5476,347.9684,293.2985,331.7303,235.1042,269.5366,310.0403,353.9096,353.1926,202.5142,249.6478,300.3415,178.0590,231.6398,288.1059,345.0811,329.1838,166.0271,221.0000,275.0291,167.3708,212.7769,260.0000,304.3846,357.9972,214.5530,275.9601,240.9191,253.6178,202.4846,157.6991,123.4342,110.0045,309.2265,280.8630,241.9938,232.9571,256.7567,205.0098,185.6583,176.6380,185.6071,208.3555,169.6496,134.7368,117.0000,127.0472,160.5895,79.3095,59.1354,86.3134,132.8232,109.6586,55.1453,0.0000,53.0377,86.3713,60.1664,71.5542,106.7755,164.2011,130.4186,117.3243,164.6845
79.9312,310.3627,261.9637,304.2367,201.8539,230.2889,267.5892,309.6982,303.7532,160.5148,203.3347,251.9563,128.3511,180.2498,235.9873,292.6055,276.3060,113.0044,168.0119,222.0811,120.0666,163.0491,209.6592,253.9547,308.6503,172.9046,231.3115,205.6818,237.6910,181.1988,128.3511,81.3204,57.0088,292.6055,276.3060,252.3886,228.5607,236.9578,180.2498,173.2339,178.1011,199.5420,231.3115,206.4655,162.1882,126.6254,113.0044,128.3511,57.0000,80.6102,129.2478,181.1988,162.6038,108.1665,53.0377,0.0000,61.0000,70.4911,107.6151,150.2332,207.4729,151.6047,113.9912,162.6038
125.9365,352.6613,311.2362,355.7879,250.8745,272.3417,304.2515,342.5318,324.6798,201.6928,235.1850,277.2382,156.5407,198.2145,247.4126,299.7749,269.1357,118.8486,167.3708,217.8004,93.0000,141.0035,188.0957,231.6247,281.6558,130.6790,193.7060,154.5639,176.8219,121.0785,71.7008,46.0435,74.8131,350.0357,336.8561,312.7763,289.2629,293.6256,235.5356,233.0086,239.0753,259.0483,288.2776,255.4858,216.6149,186.3357,173.2888,180.9447,117.5160,135.3255,172.6789,217.2050,179.0112,130.6790,86.3713,61.0000,0.0000,48.0000,96.1873,141.0284,192.4422,113.2299,59.0339,105.0190
149.6262,380.2973,332.4154,374.3274,272.3417,300.0167,335.8943,376.7015,364.7808,229.7303,269.4290,315.1587,191.8150,238.6483,290.5942,344.4779,316.5091,161.9290,213.0469,264.5695,141.0000,189.0026,236.0763,279.5174,328.9772,175.5135,239.1694,193.4580,194.6535,146.2190,108.9082,94.0213,110.9820,359.5066,336.8561,301.6836,288.7646,304.8541,249.3933,237.4974,234.0021,245.5402,268.2685,225.7632,194.4274,175.7299,177.1243,198.6479,122.7110,118.6971,141.1737,178.6449,133.1953,89.2020,60.1664,70.4911,48.0000,0.0000,48.3735,93.5575,146.8945,81.1234,57.3847,104.5610
187.0187,416.0697,363.6372,402.9057,304.6999,336.5858,374.9733,417.3104,409.4203,267.5892,310.8504,358.6154,234.7957,284.0158,337.2314,391.8074,364.8698,209.0287,260.9693,312.8082,189.0952,237.1034,284.0000,327.1850,375.7047,220.2930,284.0739,233.2252,217.0392,177.2005,150.2165,142.2252,156.1698,380.4905,349.4968,304.0016,301.9884,328.2986,276.2843,256.8209,244.5588,247.0020,261.7250,208.7223,188.4091,183.8070,198.5875,230.0543,149.5125,126.1467,126.8464,150.6586,92.9139,64.2573,71.5542,107.6151,96.1873,48.3735,0.0000,45.3542,100.6479,64.3817,84.3149,119.4027
228.2126,454.7362,399.4859,436.6440,341.7441,376.1130,415.9062,459.0697,453.4887,308.2937,353.3624,402.1244,278.3738,328.5666,382.2565,437.0492,410.0256,254.2597,306.3234,358.1089,233.6193,281.5759,328.1844,371.0000,418.3838,261.6295,325.1846,270.3794,240.7094,208.8564,189.8420,186.9679,200.9278,408.7689,371.5710,318.1981,325.2599,358.9499,310.0000,285.5591,266.9869,261.8950,269.0000,207.6391,199.1105,206.4946,230.2173,267.3200,186.0027,152.1184,134.6291,140.7302,71.1196,74.0405,106.7755,150.2332,141.0284,93.5575,45.3542,0.0000,57.6281,73.5527,119.5492,143.0035
285.8006,512.1406,456.1688,492.4683,398.8483,433.6727,473.5325,516.6372,510.0637,365.9208,410.7578,459.1089,335.2924,384.6102,437.3888,491.3461,460.9772,308.8122,359.5622,410.2012,283.0071,330.4421,375.9495,417.5548,462.0043,304.0016,366.3496,305.7908,258.5034,238.4156,231.0087,237.4574,256.7197,461.9102,421.0012,362.3548,375.8258,413.5336,366.0833,339.5364,317.5925,307.4671,308.3018,241.2986,243.1296,258.1182,285.8339,324.5689,243.2612,206.3710,179.6218,170.0118,99.7246,125.7179,164.2011,207.4729,192.4422,146.8945,100.6479,57.6281,0.0000,97.4936,159.0000,167.3350
230.2889,460.8004,413.5372,455.2713,353.4586,380.4064,415.0614,454.6702,437.8242,309.8661,347.1901,390.3870,268.7341,311.4001,359.4691,410.1146,372.8337,231.6074,277.3085,324.6167,194.9974,240.7094,284.2974,324.3594,366.4928,208.6145,270.0019,208.3195,167.8005,141.3825,135.8308,153.0000,186.7244,438.3081,411.1703,368.0489,363.3291,384.4802,329.8879,315.2428,306.6203,311.0579,326.0138,271.3301,252.7865,246.2722,255.5191,279.7320,202.6154,188.1755,190.8219,209.2964,143.2201,127.5774,130.4186,151.6047,113.2299,81.1234,64.3817,73.5527,97.4936,0.0000,65.2534,71.5542
184.7728,411.4280,370.1581,414.4514,309.7693,331.1873,362.2403,399.4859,377.7089,260.6012,292.5150,332.3432,214.0093,251.9841,297.3819,346.5602,307.7028,171.4060,214.0327,260.0346,130.2690,175.5135,219.1004,259.5092,303.0066,145.0034,207.6174,150.8410,137.7135,93.0860,72.0278,90.6035,133.1465,406.4283,389.0051,357.7178,341.0015,350.4754,292.9846,287.0052,287.9201,301.9884,325.6087,282.2942,251.8035,231.1450,226.5657,239.0983,170.6605,175.1114,197.7397,231.4066,177.2287,141.7674,117.3243,113.9912,59.0339,57.3847,84.3149,119.5492,159.0000,65.2534,0.0000,49.0102
230.5667,453.5912,415.3902,460.4433,355.1746,373.8730,402.3779,437.4529,410.1244,303.8174,331.7303,367.8505,254.1692,286.6810,327.1238,372.2392,326.0383,206.6349,242.3304,282.8993,155.9744,195.3586,233.6343,269.7425,306.2760,151.7893,208.6265,142.0035,98.2904,71.7008,85.1469,125.9246,175.9602,454.5789,438.0011,406.0788,390.0051,398.3780,340.4849,335.7886,336.8561,350.0700,372.2110,325.5826,298.2030,279.7320,275.4088,285.9545,219.4470,223.1815,241.5885,270.0463,209.3036,182.1318,164.6845,162.6038,105.0190,104.5610,119.4027,143.0035,167.3350,71.5542,49.0102,0.0000
